/pictures/05102009082.png 134,109,301,359,0 
/pictures/05102009108.png 240,181,256,443,0 
/pictures/05102009105.png 226,146,309,452,0 
/pictures/05102009102.png 231,221,286,432,0 
/pictures/05102009106.png 180,196,291,396,0 
/pictures/05102009104.png 221,217,288,451,0 
/pictures/05102009101.png 281,196,252,454,0 
/pictures/05102009110.png 242,231,284,390,0 
/pictures/05102009111.png 263,202,292,406,0 
/pictures/05102009123.png 133,63,420,493,0 
/pictures/05102009121.png 231,146,332,440,0 
/pictures/05102009114.png 232,161,312,438,0 
/pictures/05102009119.png 218,176,364,428,0 
/pictures/05102009117.png 238,142,335,458,0 
/pictures/05102009118.png 243,172,303,418,0 
/pictures/05102009122.png 192,133,325,456,0 
/pictures/05102009120.png 212,164,324,402,0 
/pictures/05102009124.png 159,88,301,510,0 
/pictures/05102009135.png 135,99,308,486,0 
/pictures/05102009129.png 174,65,376,511,0 
/pictures/05102009133.png 142,80,332,490,0 
/pictures/05102009125.png 150,78,437,539,0 
/pictures/05102009126.png 151,182,377,493,0 
/pictures/05102009134.png 184,149,300,444,0 
/pictures/05102009131.png 191,168,310,434,0 
/pictures/05102009132.png 154,127,335,433,0 
/pictures/05102009127.png 98,124,452,483,0 
/pictures/05102009137.png 198,152,295,440,0 
/pictures/05102009138.png 169,132,314,485,0 
/pictures/05102009139.png 146,90,352,483,0 
/pictures/05102009142.png 133,110,308,472,0 
/pictures/05102009148.png 173,129,344,462,0 
/pictures/05102009144.png 183,91,354,485,0 
/pictures/05102009141.png 148,117,382,484,0 
/pictures/05102009143.png 200,158,355,468,0 
/pictures/05102009140.png 176,109,353,476,0 
/pictures/05102009146.png 115,34,397,498,0 
/pictures/05102009145.png 128,61,369,487,0 
/pictures/05102009149.png 164,75,357,501,0 
/pictures/05102009158.png 173,161,278,462,0 
/pictures/05102009154.png 162,77,318,434,0 
/pictures/05102009150.png 156,49,377,523,0 
/pictures/05102009151.png 142,58,390,506,0 
/pictures/05102009156.png 228,166,283,411,0 
/pictures/05102009157.png 275,165,360,590,0 
/pictures/05102009153.png 211,155,284,439,0 
/pictures/05102009152.png 156,173,427,497,0 
/pictures/05102009155.png 196,105,337,486,0 
/pictures/05102009159.png 202,127,315,450,0 
/pictures/05102009160.png 192,85,363,528,0 
/pictures/05102009161.png 182,154,340,473,0 
/pictures/05102009162.png 134,67,348,470,0 
/pictures/05102009172.png 170,95,299,456,0 
/pictures/05102009170.png 155,131,304,444,0 
/pictures/05102009166.png 160,88,381,499,0 
/pictures/05102009164.png 188,128,312,454,0 
/pictures/05102009169.png 190,140,284,439,0 
/pictures/05102009165.png 172,59,337,489,0 
/pictures/05102009171.png 133,74,369,482,0 
/pictures/05102009168.png 186,119,322,440,0 
/pictures/05102009163.png 158,106,350,471,0 
/pictures/05102009173.png 183,164,313,440,0 
/pictures/05102009175.png 226,156,290,419,0 
/pictures/05102009187.png 175,116,309,485,0 
/pictures/05102009176.png 191,133,325,474,0 
/pictures/05102009178.png 186,139,299,430,0 
/pictures/05102009183.png 129,105,335,481,0 
/pictures/05102009179.png 203,122,298,437,0 
/pictures/05102009177.png 171,83,342,475,0 
/pictures/05102009184.png 185,158,280,370,0 
/pictures/05102009180.png 197,157,333,430,0 
/pictures/05102009185.png 211,65,206,432,0 
/pictures/05102009186.png 219,138,349,466,0 
/pictures/05102009189.png 164,94,315,526,0 
/pictures/05102009190.png 126,109,303,477,0 
/pictures/05102009191.png 158,75,375,542,0 
/pictures/05102009200.png 96,95,347,511,0 
/pictures/05102009192.png 152,94,323,537,0 
/pictures/05102009199.png 159,39,384,553,0 
/pictures/05102009195.png 129,117,362,504,0 
/pictures/05102009198.png 123,121,344,498,0 
/pictures/05102009194.png 163,130,316,493,0 
/pictures/05102009196.png 92,73,363,486,0 
/pictures/05102009193.png 195,107,372,560,0 
/pictures/05102009197.png 137,91,341,503,0 
/pictures/05102009201.png 194,150,309,449,0 
/pictures/05102009202.png 159,83,334,461,0 
/pictures/05102009203.png 206,88,344,496,0 
/pictures/05102009205.png 177,115,331,455,0 
/pictures/05102009214.png 171,104,309,483,0 
/pictures/05102009215.png 192,125,296,477,0 
/pictures/05102009209.png 151,73,316,480,0 
/pictures/05102009206.png 136,107,330,489,0 
/pictures/05102009211.png 186,73,343,529,0 
/pictures/05102009207.png 237,188,309,424,0 
/pictures/05102009210.png 178,111,301,470,0 
/pictures/05102009212.png 150,70,300,462,0 
/pictures/05102009213.png 163,78,348,509,0 
/pictures/05102009208.png 186,139,312,502,0 
/pictures/05102009227.png 205,118,304,483,0 
/pictures/05102009216.png 205,124,346,478,0 
/pictures/05102009223.png 194,129,316,499,0 
/pictures/05102009225.png 245,244,364,483,0 
/pictures/05102009218.png 224,153,282,436,0 
/pictures/05102009226.png 190,140,327,446,0 
/pictures/05102009222.png 205,83,314,497,0 
/pictures/05102009219.png 189,109,308,491,0 
/pictures/05102009224.png 193,138,371,499,0 
/pictures/05102009220.png 166,65,327,500,0 
/pictures/06102009250.png 138,144,341,499,0 
/pictures/06102009240.png 143,153,281,500,0 
/pictures/06102009243.png 143,124,322,518,0 
/pictures/06102009244.png 152,186,342,488,0 
/pictures/06102009249.png 144,178,300,485,0 
/pictures/06102009248.png 198,186,289,495,0 
/pictures/06102009245.png 162,172,286,488,0 
/pictures/06102009247.png 172,168,272,465,0 
/pictures/06102009241.png 124,143,272,484,0 
/pictures/06102009246.png 221,168,290,525,0 
/pictures/06102009251.png 163,172,279,463,0 
/pictures/06102009252.png 137,116,317,526,0 
/pictures/06102009255.png 197,151,267,489,0 
/pictures/06102009253.png 149,147,322,513,0 
/pictures/PICT0001.png 177,218,324,444,0 
/pictures/PICT0002.png 125,128,254,475,0 
/pictures/PICT0002a.png 203,118,320,515,0 
/pictures/PICT0007.png 170,207,314,431,0 
/pictures/PICT0002b.png 193,218,310,440,0 
/pictures/PICT0004.png 128,181,298,474,0 
/pictures/PICT0003b.png 158,117,315,450,0 
/pictures/PICT0003a.png 158,257,373,417,0 
/pictures/PICT0004a.png 135,160,352,456,0 
/pictures/PICT0005.png 125,111,292,475,0 
/pictures/PICT0005a.png 144,192,319,450,0 
/pictures/PICT0006.png 168,199,319,461,0 
/pictures/PICT0003.png 177,167,267,474,0 
/pictures/PICT0008.png 60,28,143,373,0 
/pictures/PICT0008a.png 122,171,328,408,0 
/pictures/PICT0009.png 119,130,312,430,0 
/pictures/PICT0012a.png 115,97,299,445,0 
/pictures/PICT0011a.png 180,136,284,448,0 
/pictures/PICT0011.png 165,159,310,426,0 
/pictures/PICT0012.png 162,105,355,474,0 
/pictures/PICT0009b.png 127,180,335,415,0 
/pictures/PICT0010a.png 182,136,280,439,0 
/pictures/PICT0009a.png 114,147,324,414,0 
/pictures/PICT0010b.png 169,101,283,464,0 
/pictures/PICT0010.png 181,159,305,434,0 
/pictures/PICT0012b.png 210,141,271,437,0 
/pictures/PICT0013.png 111,3,158,386,0 
/pictures/PICT0013a.png 153,117,285,420,0 
/pictures/PICT0018.png 130,81,276,464,0 
/pictures/PICT0014.png 71,11,213,380,0 
/pictures/PICT0016a.png 185,147,295,453,0 
/pictures/PICT0017.png 154,76,345,498,0 
/pictures/PICT0016.png 244,66,293,571,0 
/pictures/PICT0015b.png 155,193,329,427,0 
/pictures/PICT0017a.png 120,105,325,414,0 
/pictures/PICT0015.png 103,186,371,432,0 
/pictures/PICT0015a.png 170,144,304,445,0 
/pictures/PICT0018a.png 200,170,279,465,0 
/pictures/PICT0018b.png 180,98,312,473,0 
/pictures/PICT0019.png 115,142,374,440,0 
/pictures/PICT0023.png 65,192,355,351,0 
/pictures/PICT0020.png 152,112,366,459,0 
/pictures/PICT0021.png 82,95,293,354,0 
/pictures/PICT0019b.png 142,147,282,441,0 
/pictures/PICT0021a.png 150,105,339,488,0 
/pictures/PICT0022.png 158,76,342,474,0 
/pictures/PICT0020b.png 112,81,352,498,0 
/pictures/PICT0020a.png 222,45,154,503,0 
/pictures/PICT0019a.png 125,70,340,498,0 
/pictures/PICT0023a.png 188,167,327,462,0 
/pictures/PICT0024.png 276,152,365,574,0 
/pictures/PICT0024b.png 192,157,320,473,0 
/pictures/PICT0028.png 209,164,292,464,0 
/pictures/PICT0027a.png 188,193,329,472,0 
/pictures/PICT0026.png 137,127,372,426,0 
/pictures/PICT0025.png 130,25,374,532,0 
/pictures/PICT0027.png 68,53,434,483,0 
/pictures/PICT0025a.png 171,119,333,465,0 
/pictures/PICT0025b.png 163,62,364,547,0 
/pictures/PICT0024a.png 47,149,334,361,0 
/pictures/PICT0026a.png 124,83,341,471,0 
/pictures/PICT0030.png 124,130,262,508,0 
/pictures/PICT0031.png 206,265,395,563,0 
/pictures/PICT0032.png 207,95,281,544,0 
/pictures/PICT0036a.png 194,66,242,486,0 
/pictures/PICT0031a.png 166,132,283,410,0 
/pictures/PICT0036.png 189,90,431,468,0 
/pictures/PICT0032a.png 180,153,278,390,0 
/pictures/PICT0035.png 225,193,318,550,0 
/pictures/PICT0033a.png 113,103,270,396,0 
/pictures/PICT0033.png 176,214,326,481,0 
/pictures/PICT0034.png 148,96,298,449,0 
/pictures/PICT0034a.png 180,144,303,516,0 
/pictures/PICT0037.png 157,154,288,528,0 
/pictures/PICT0037a.png 188,7,180,436,0 
/pictures/05102009081.png 201,132,361,451,0 
/pictures/PICT0038.png 228,169,275,533,0 
/pictures/PICT0039b.png 116,164,365,409,0 
/pictures/PICT0038a.png 147,103,339,455,0 
/pictures/PICT0048.png 129,146,315,433,0 
/pictures/PICT0050.png 195,189,321,438,0 
/pictures/PICT0041.png 154,56,342,542,0 
/pictures/PICT0042.png 160,161,292,534,0 
/pictures/PICT0039.png 217,153,252,512,0 
